   10     6     2     8
 1     4     9    12
   11     7     3     5

   10     8     2     6
 1     4     9    12
   11     5     3     7

   11     5     3     7
 1     4     9    12
   10     8     2     6

   11     7     3     5
 1     4     9    12
   10     6     2     8

    9     7     2     8
 1     4    10    11
   12     5     3     6

   12     5     3     6
 1     4    10    11
    9     7     2     8

    9     6     3     8
 1     4    11    10
   12     5     2     7

   12     5     2     7
 1     4    11    10
    9     6     3     8

    9     3     4    10
 1     5    12     8
   11     6     2     7

    9     6     4     7
 1     5    12     8
   11     3     2    10

   11     3     2    10
 1     5    12     8
    9     6     4     7

   11     6     2     7
 1     5    12     8
    9     3     4    10

    7    10     4     5
 1     6     8    11
   12     2     3     9

   12     2     3     9
 1     6     8    11
    7    10     4     5

    7     3     5    11
 1     6     9    10
   12     8     2     4

    8     4     2    12
 1     6     9    10
   11     7     5     3

   11     7     5     3
 1     6     9    10
    8     4     2    12

   12     8     2     4
 1     6     9    10
    7     3     5    11

    9     2     3    12
 1     6    11     8
   10     7     4     5

   10     7     4     5
 1     6    11     8
    9     2     3    12

    8     4     3    11
 1     7     6    12
   10     9     5     2

    8    11     3     4
 1     7     6    12
   10     2     5     9

   10     2     5     9
 1     7     6    12
    8    11     3     4

   10     9     5     2
 1     7     6    12
    8     4     3    11

    5     9     2    10
 1     8     6    11
   12     3     7     4

    7     3     4    12
 1     8     6    11
   10     9     5     2

   10     9     5     2
 1     8     6    11
    7     3     4    12

   12     3     7     4
 1     8     6    11
    5     9     2    10

    5     4     7    10
 1     8    11     6
   12     3     2     9

   12     3     2     9
 1     8    11     6
    5     4     7    10

    7     2     6    11
 1     8    12     5
   10     4     3     9

    7     4     6     9
 1     8    12     5
   10     2     3    11

   10     2     3    11
 1     8    12     5
    7     4     6     9

   10     4     3     9
 1     8    12     5
    7     2     6    11

    5     7     2    12
 1     9     6    10
   11     4     8     3

   11     4     8     3
 1     9     6    10
    5     7     2    12

    6     5     4    11
 1    10     3    12
    9     8     7     2

    6    11     4     5
 1    10     3    12
    9     2     7     8

    9     2     7     8
 1    10     3    12
    6    11     4     5

    9     8     7     2
 1    10     3    12
    6     5     4    11

    6     5     3    12
 1    10     4    11
    9     7     8     2

    9     7     8     2
 1    10     4    11
    6     5     3    12

    3     8     4    11
 1    10     6     9
   12     2     7     5

   12     2     7     5
 1    10     6     9
    3     8     4    11

    3     5     7    11
 1    10     9     6
   12     2     4     8

    4     2     8    12
 1    10     9     6
   11     5     3     7

   11     5     3     7
 1    10     9     6
    4     2     8    12

   12     2     4     8
 1    10     9     6
    3     5     7    11

    7     2     5    12
 1    10    11     4
    8     3     6     9

    8     3     6     9
 1    10    11     4
    7     2     5    12

    5     7     4    10
 1    11     2    12
    9     6     8     3

    5    10     4     7
 1    11     2    12
    9     3     8     6

    9     3     8     6
 1    11     2    12
    5    10     4     7

    9     6     8     3
 1    11     2    12
    5     7     4    10

    2     8     7     9
 1    11     4    10
   12     3     5     6

   12     3     5     6
 1    11     4    10
    2     8     7     9

    2     5     9    10
 1    11     6     8
   12     4     3     7

    4     7     3    12
 1    11     6     8
   10     2     9     5

   10     2     9     5
 1    11     6     8
    4     7     3    12

   12     4     3     7
 1    11     6     8
    2     5     9    10

    5     4    10     7
 1    11     8     6
    9     3     2    12

    9     3     2    12
 1    11     8     6
    5     4    10     7

    6     3     5    12
 1    11    10     4
    8     2     7     9

    8     2     7     9
 1    11    10     4
    6     3     5    12

    3     8     6     9
 1    12     2    11
   10     4     7     5

    6     8     3     9
 1    12     2    11
    7     4    10     5

    7     4    10     5
 1    12     2    11
    6     8     3     9

   10     4     7     5
 1    12     2    11
    3     8     6     9

    2     7     8     9
 1    12     3    10
   11     4     5     6

    5     4    11     6
 1    12     3    10
    8     7     2     9

    8     7     2     9
 1    12     3    10
    5     4    11     6

   11     4     5     6
 1    12     3    10
    2     7     8     9

    2     5     9    10
 1    12     6     7
   11     3     4     8

    4     3    11     8
 1    12     6     7
    9     5     2    10

    9     5     2    10
 1    12     6     7
    4     3    11     8

   11     3     4     8
 1    12     6     7
    2     5     9    10

    5     3     7    11
 1    12     9     4
    8     2     6    10

    6     2     8    10
 1    12     9     4
    7     3     5    11

    7     3     5    11
 1    12     9     4
    6     2     8    10

    8     2     6    10
 1    12     9     4
    5     3     7    11

TOTAL SOLUTIONS: 80
